0 1320 1633 1622
0 1321 1631 1638
0 1323 1635 1626
0 1320 1628 1635
0 1321 1628 1628
0 1322 1635 1632
0 1320 1630 1630
0 1323 1628 1632
0 1320 1632 1630
0 1322 1634 1628
0 1320 1631 1629
0 1318 1630 1628
0 1319 1628 1631
0 1319 1629 1629
0 1324 1628 1625
0 1323 1625 1625
0 1319 1631 1628
0 1319 1628 1633
0 1323 1631 1626
0 1323 1638 1630
0 1320 1634 1630
0 1318 1628 1626
0 1313 1628 1631
0 1327 1632 1628
0 1321 1630 1629
0 1313 1627 1630
0 1321 1626 1628
1 1972 1595 1633
1 1966 1595 1641
1 1963 1599 1632
1 1974 1603 1624
1 1969 1606 1626
1 1967 1604 1626
1 1969 1602 1625
1 1971 1602 1616
1 1979 1604 1616
1 1973 1601 1621
1 1967 1610 1627
1 1965 1610 1617
1 1968 1604 1616
1 1967 1604 1623
1 1972 1605 1623
1 1966 1604 1615
1 1966 1603 1616
1 1967 1596 1616
1 1966 1602 1614
1 1975 1598 1609
1 1967 1598 1618
1 1972 1602 1616
1 1982 1603 1617
1 1974 1601 1616
1 1971 1606 1622
1 1972 1604 1618
1 1969 1604 1617
1 1967 1608 1612
2 1621 1278 1607
2 1625 1288 1611
2 1625 1286 1613
2 1621 1284 1610
2 1622 1282 1613
2 1629 1284 1613
2 1616 1278 1609
2 1625 1283 1612
2 1618 1280 1604
2 1621 1282 1611
2 1624 1282 1606
2 1622 1286 1609
2 1627 1290 1604
2 1622 1277 1607
2 1623 1286 1613
2 1619 1281 1612
2 1626 1283 1617
2 1621 1278 1617
2 1627 1278 1609
2 1625 1284 1613
2 1621 1277 1601
2 1621 1287 1607
2 1626 1285 1606
2 1622 1285 1609
2 1623 1278 1611
2 1616 1281 1608
2 1631 1283 1612
2 1626 1284 1607
3 1665 1951 1642
3 1666 1946 1648
3 1664 1948 1644
3 1662 1954 1640
3 1669 1950 1648
3 1666 1952 1638
3 1663 1947 1647
3 1665 1945 1637
3 1662 1947 1637
3 1665 1951 1648
3 1666 1954 1642
3 1666 1951 1637
3 1668 1954 1645
3 1662 1949 1639
3 1662 1946 1639
3 1665 1939 1644
3 1669 1949 1638
3 1667 1950 1651
3 1665 1951 1648
3 1665 1951 1644
3 1662 1948 1645
3 1665 1951 1643
3 1664 1937 1644
3 1661 1951 1644
3 1669 1951 1647
3 1663 1947 1630
3 1665 1939 1641
4 1638 1630 1315
4 1640 1636 1313
4 1633 1636 1313
4 1645 1636 1313
4 1640 1634 1312
4 1645 1633 1313
4 1644 1630 1314
4 1642 1636 1309
4 1642 1633 1310
4 1637 1638 1312
4 1640 1628 1317
4 1643 1633 1313
4 1644 1634 1317
4 1640 1636 1312
4 1640 1633 1312
4 1642 1637 1311
4 1642 1630 1310
4 1640 1632 1314
4 1638 1635 1313
4 1642 1630 1309
4 1641 1639 1313
4 1645 1634 1310
4 1640 1635 1314
4 1640 1634 1312
4 1641 1636 1304
4 1637 1633 1310
4 1641 1632 1316
4 1640 1629 1314
5 1646 1623 1959
5 1645 1618 1955
5 1641 1615 1960
5 1643 1624 1956
5 1650 1625 1953
5 1646 1623 1958
5 1644 1622 1958
5 1646 1624 1951
5 1645 1620 1963
5 1639 1621 1957
5 1642 1624 1953
5 1642 1620 1953
5 1647 1614 1952
5 1647 1620 1959
5 1644 1619 1959
5 1645 1618 1950
5 1644 1621 1955
5 1644 1622 1957
5 1649 1624 1954
5 1647 1616 1956
5 1648 1614 1957
5 1649 1618 1952
5 1644 1620 1953
5 1647 1616 1954
5 1644 1620 1962
5 1642 1625 1960
5 1647 1623 1958
5 1640 1616 1961
